/*
 * full_loop_data.cpp
 *
 * Academic License - for use in teaching, academic research, and meeting
 * course requirements at degree granting institutions only.  Not for
 * government, commercial, or other organizational use.
 *
 * Code generation for model "full_loop".
 *
 * Model version              : 1.339
 * Simulink Coder version : 9.3 (R2020a) 18-Nov-2019
 * C++ source code generated on : Sun Jan 17 20:23:36 2021
 *
 * Target selection: grt.tlc
 * Note: GRT includes extra infrastructure and instrumentation for prototyping
 * Embedded hardware selection: Intel->x86-64 (Linux 64)
 * Code generation objectives: Unspecified
 * Validation result: Not run
 */

#include "full_loop.h"
#include "full_loop_private.h"

/* Block parameters (default storage) */
P_full_loop_T full_loopModelClass::full_loop_P = {
  /* Variable: I
   * Referenced by: '<S21>/Constant1'
   */
  { 0.5358, 0.002, 0.01, 0.001, 1.47, 0.005, 0.01, 0.005, 1.68 },

  /* Variable: N
   * Referenced by:
   *   '<S4>/1-D Lookup Table5'
   *   '<S16>/1-D Lookup Table1'
   */
  { -39.921561783600005, -39.7361560536, -39.4691718024, -38.8907059248,
    -38.267742672, -37.956261045599994, -37.5112872936, -37.288800417600008,
    -36.7993292904, -36.4433502888, -35.8648844112, -35.1974237832,
    -34.5299631552, -33.8625025272, -33.328534024800007, -32.483083896000004,
    -31.9046180184, -31.4151468912, -30.480702012000002, -29.813241384,
    -29.368267632, -28.834299129600005, -28.077843751199996, -27.6773673744,
    -27.1878962472, -26.5649329944, -26.075461867200005, -25.319006488800007,
    -25.0075248624, -24.6070484856, -24.073079983200003, -23.361121980000004,
    -23.094137728800003, -22.337682350399998, -21.937205973599998,
    -21.5367295968, -20.780274218400002, -20.4242952168, -19.8458293392,
    -19.400855587200002, -19.0448765856, -18.243923832, -17.79895008,
    -17.309478952800003, -16.6865157, -16.375034073600002, -15.796568196,
    -15.262599693600002, -14.8621233168, -14.5951390656, -14.1056679384,
    -13.705191561600001, -13.215720434400001, -12.7707466824, -12.3257729304,
    -11.791804428, -11.3913280512, -10.9908516744, -10.812862173600001,
    -10.3233910464, -10.011909420000002, -9.6114330432000017, -9.2554540416,
    -8.8549776648, -8.5434960384, -8.0540249112, -7.6980459095999993,
    -7.2975695328, -7.0305852816000005, -6.67460628, -6.3631246536,
    -6.0516430272000008, -5.6956640256, -5.2951876488, -5.0282033976,
    -4.7167217712000005, -4.3607427696, -4.0937585184000005, -3.782276892,
    -3.4707952656000005, -3.1593136392, -2.8923293880000003, -2.5363503863999997,
    -2.3138635104, -2.0468792592000002, -1.7798950080000002, -1.4684133816000002,
    -1.2459265056000004, -1.0234396296000001, -0.84545012880000014, -0.667460628,
    -0.4894711272, -0.3559790016, -0.0007, -0.0006, -0.0005, -0.0004, -0.0003,
    -0.0002, -0.0001, 0.0, 0.0001, 0.0002, 0.0003, 0.0004, 0.0005, 0.0006,
    0.0007, 0.4004763768, 0.5339685024, 0.7564553784000001, 0.9789422544,
    1.2459265056, 1.5129107568, 1.779895008, 2.1358740096, 2.4473556359999997,
    2.8478320128, 3.1593136392, 3.5152926408000003, 3.9157690176, 4.2717480192,
    4.6277270208, 5.0282033976, 5.4731771496, 5.9181509016, 6.2741299032,
    6.67460628, 7.0750826568, 7.6090511592000007, 8.009527536, 8.5434960384,
    8.89947504, 9.299951416799999, 9.7449251688, 10.145401545599999,
    10.7683647984, 11.213338550400001, 11.6138149272, 12.1477834296,
    12.5482598064, 13.037730933600002, 13.6161968112, 14.1056679384,
    14.5506416904, 15.084610192800001, 15.574081320000001, 16.197044572800003,
    16.5975209496, 17.2649815776, 17.887944830400002, 18.421913332800003,
    18.955881835200003, 19.534347712800002, 20.068316215200003,
    20.824771593600005, 21.358740096000005, 21.759216472800002,
    22.337682350400005, 23.361121980000004, 23.8505931072, 24.696043236000005,
    25.274509113600004, 26.030964492000006, 26.787419870400004,
    27.054404121600005, 27.855356875200005, 28.3448280024, 29.190278131200003,
    29.9467335096, 30.480702012000005, 31.103665264800004, 31.548639016800003,
    32.394089145600006, 33.1060471488, 33.5510209008, 34.4409684048,
    35.375413284000004, 36.1318686624, 36.6658371648, 37.4667899184,
    38.134250546400004, 38.801711174400005, 39.825150804, 40.670600932800006,
    41.738537937600007, 42.228009064800005, 42.984464443200004,
    44.230390948800007, 44.4083804496, 45.609809580000004, 46.188275457600007,
    46.944730836000005, 47.434201963199996, 48.368646842400004,
    49.169599596000005, 49.7925628488, 50.4600234768, 50.771505103200006,
    51.2164788552, 51.4537981896 },

  /* Variable: PWM
   * Referenced by:
   *   '<S4>/1-D Lookup Table5'
   *   '<S16>/1-D Lookup Table1'
   */
  { 1100.0, 1104.0, 1108.0, 1112.0, 1116.0, 1120.0, 1124.0, 1128.0, 1132.0,
    1136.0, 1140.0, 1144.0, 1148.0, 1152.0, 1156.0, 1160.0, 1164.0, 1168.0,
    1172.0, 1176.0, 1180.0, 1184.0, 1188.0, 1192.0, 1196.0, 1200.0, 1204.0,
    1208.0, 1212.0, 1216.0, 1220.0, 1224.0, 1228.0, 1232.0, 1236.0, 1240.0,
    1244.0, 1248.0, 1252.0, 1256.0, 1260.0, 1264.0, 1268.0, 1272.0, 1276.0,
    1280.0, 1284.0, 1288.0, 1292.0, 1296.0, 1300.0, 1304.0, 1308.0, 1312.0,
    1316.0, 1320.0, 1324.0, 1328.0, 1332.0, 1336.0, 1340.0, 1344.0, 1348.0,
    1352.0, 1356.0, 1360.0, 1364.0, 1368.0, 1372.0, 1376.0, 1380.0, 1384.0,
    1388.0, 1392.0, 1396.0, 1400.0, 1404.0, 1408.0, 1412.0, 1416.0, 1420.0,
    1424.0, 1428.0, 1432.0, 1436.0, 1440.0, 1444.0, 1448.0, 1452.0, 1456.0,
    1460.0, 1464.0, 1468.0, 1472.0, 1476.0, 1480.0, 1484.0, 1488.0, 1492.0,
    1496.0, 1500.0, 1504.0, 1508.0, 1512.0, 1516.0, 1520.0, 1524.0, 1528.0,
    1532.0, 1536.0, 1540.0, 1544.0, 1548.0, 1552.0, 1556.0, 1560.0, 1564.0,
    1568.0, 1572.0, 1576.0, 1580.0, 1584.0, 1588.0, 1592.0, 1596.0, 1600.0,
    1604.0, 1608.0, 1612.0, 1616.0, 1620.0, 1624.0, 1628.0, 1632.0, 1636.0,
    1640.0, 1644.0, 1648.0, 1652.0, 1656.0, 1660.0, 1664.0, 1668.0, 1672.0,
    1676.0, 1680.0, 1684.0, 1688.0, 1692.0, 1696.0, 1700.0, 1704.0, 1708.0,
    1712.0, 1716.0, 1720.0, 1724.0, 1728.0, 1732.0, 1736.0, 1740.0, 1744.0,
    1748.0, 1752.0, 1756.0, 1760.0, 1764.0, 1768.0, 1772.0, 1776.0, 1780.0,
    1784.0, 1788.0, 1792.0, 1796.0, 1800.0, 1804.0, 1808.0, 1812.0, 1816.0,
    1820.0, 1824.0, 1828.0, 1832.0, 1836.0, 1840.0, 1844.0, 1848.0, 1852.0,
    1856.0, 1860.0, 1864.0, 1868.0, 1872.0, 1876.0, 1880.0, 1884.0, 1888.0,
    1892.0, 1896.0, 1900.0 },

  /* Variable: TMAX
   * Referenced by: '<S4>/Constant2'
   */
  { 32.0, 32.0, 32.0, 32.0, 32.0, 32.0, 32.0, 32.0 },

  /* Variable: TMIN
   * Referenced by: '<S4>/Constant'
   */
  { -26.0, -26.0, -26.0, -26.0, -26.0, -26.0, -26.0, -26.0 },

  /* Variable: Ts
   * Referenced by: '<S4>/Constant1'
   */
  0.1,

  /* Variable: Ui
   * Referenced by: '<S4>/Memory'
   */
  { 0.0, 0.0, 0.0, 0.0, 0.0, 0.0, 0.0, 0.0 },

  /* Variable: Xi
   * Referenced by: '<S4>/Memory3'
   */
  { 0.0, 0.0, 0.0, 0.0, 0.0, 0.0, 0.0, 0.0, 0.0, 0.0, 0.0, 0.0 },

  /* Variable: mass
   * Referenced by: '<S21>/Constant'
   */
  33.95,

  /* Variable: tmax
   * Referenced by: '<S4>/Saturation'
   */
  32.0,

  /* Variable: tmin
   * Referenced by: '<S4>/Saturation'
   */
  -26.0,

  /* Variable: waPhi
   * Referenced by: '<S18>/Roll Wave'
   */
  0.5,

  /* Variable: waPsi
   * Referenced by: '<S18>/Yaw Wave'
   */
  0.5,

  /* Variable: waTheta
   * Referenced by: '<S18>/Pitch Wave'
   */
  0.25,

  /* Variable: waX
   * Referenced by: '<S18>/X Wave'
   */
  2.0,

  /* Variable: waY
   * Referenced by: '<S18>/Y Wave'
   */
  3.0,

  /* Variable: waZ
   * Referenced by: '<S18>/Z Wave'
   */
  4.0,

  /* Variable: wfPhi
   * Referenced by: '<S18>/Roll Wave'
   */
  1.5707963267948966,

  /* Variable: wfPsi
   * Referenced by: '<S18>/Yaw Wave'
   */
  1.5707963267948966,

  /* Variable: wfTheta
   * Referenced by: '<S18>/Pitch Wave'
   */
  1.5707963267948966,

  /* Variable: wfX
   * Referenced by: '<S18>/X Wave'
   */
  1.5707963267948966,

  /* Variable: wfY
   * Referenced by: '<S18>/Y Wave'
   */
  1.5707963267948966,

  /* Variable: wfZ
   * Referenced by: '<S18>/Z Wave'
   */
  1.5707963267948966,

  /* Variable: wpPhi
   * Referenced by: '<S18>/Roll Wave'
   */
  0.0,

  /* Variable: wpPsi
   * Referenced by: '<S18>/Yaw Wave'
   */
  3.1415926535897931,

  /* Variable: wpTheta
   * Referenced by: '<S18>/Pitch Wave'
   */
  1.5707963267948966,

  /* Variable: wpX
   * Referenced by: '<S18>/X Wave'
   */
  0.0,

  /* Variable: wpY
   * Referenced by: '<S18>/Y Wave'
   */
  1.5707963267948966,

  /* Variable: wpZ
   * Referenced by: '<S18>/Z Wave'
   */
  3.1415926535897931,

  /* Variable: modelName
   * Referenced by: '<S2>/ '
   */
  { 97U, 117U, 118U, 56U },

  /* Variable: referenceFrame
   * Referenced by: '<S2>/  '
   */
  { 119U, 111U, 114U, 108U, 100U },

  /* Mask Parameter: BandLimitedWhiteNoise_Cov
   * Referenced by: '<S65>/Output'
   */
  2.5E-10,

  /* Mask Parameter: BandLimitedWhiteNoise1_Cov
   * Referenced by: '<S66>/Output'
   */
  4.0E-10,

  /* Mask Parameter: uDOFEulerAngles_Vm_0
   * Referenced by: '<S13>/ub,vb,wb'
   */
  { 0.0, 0.0, 0.0 },

  /* Mask Parameter: uDOFEulerAngles_eul_0
   * Referenced by: '<S19>/Initial Euler Angles'
   */
  { 0.0, 0.0, 0.0 },

  /* Mask Parameter: uDOFEulerAngles_k_quat
   * Referenced by: '<S30>/High Gain Quaternion Normalization'
   */
  1.0,

  /* Mask Parameter: uDOFEulerAngles_pm_0
   * Referenced by: '<S13>/p,q,r '
   */
  { 0.0, 0.0, 0.0 },

  /* Mask Parameter: BandLimitedWhiteNoise_seed
   * Referenced by: '<S65>/White Noise'
   */
  23341.0,

  /* Mask Parameter: BandLimitedWhiteNoise1_seed
   * Referenced by: '<S66>/White Noise'
   */
  23341.0,

  /* Mask Parameter: uDOFEulerAngles_xme_0
   * Referenced by: '<S13>/xe,ye,ze'
   */
  { 0.0, 0.0, 0.0 },

  /* Computed Parameter: Constant_Value
   * Referenced by: '<S7>/Constant'
   */
  {
    {
      0U, 0U, 0U, 0U, 0U, 0U, 0U, 0U, 0U, 0U, 0U, 0U, 0U, 0U, 0U, 0U, 0U, 0U, 0U,
      0U, 0U, 0U, 0U, 0U, 0U, 0U, 0U, 0U, 0U, 0U, 0U, 0U, 0U, 0U, 0U, 0U, 0U, 0U,
      0U, 0U, 0U, 0U, 0U, 0U, 0U, 0U, 0U, 0U, 0U, 0U, 0U, 0U, 0U, 0U, 0U, 0U, 0U,
      0U, 0U, 0U, 0U, 0U, 0U, 0U, 0U, 0U, 0U, 0U, 0U, 0U, 0U, 0U, 0U, 0U, 0U, 0U,
      0U, 0U, 0U, 0U, 0U, 0U, 0U, 0U, 0U, 0U, 0U, 0U, 0U, 0U, 0U, 0U, 0U, 0U, 0U,
      0U, 0U, 0U, 0U, 0U, 0U, 0U, 0U, 0U, 0U, 0U, 0U, 0U, 0U, 0U, 0U, 0U, 0U, 0U,
      0U, 0U, 0U, 0U, 0U, 0U, 0U, 0U, 0U, 0U, 0U, 0U, 0U, 0U }
    ,                                  /* ModelName */

    {
      0U,                              /* CurrentLength */
      0U                               /* ReceivedLength */
    },                                 /* ModelName_SL_Info */

    {
      0U, 0U, 0U, 0U, 0U, 0U, 0U, 0U, 0U, 0U, 0U, 0U, 0U, 0U, 0U, 0U, 0U, 0U, 0U,
      0U, 0U, 0U, 0U, 0U, 0U, 0U, 0U, 0U, 0U, 0U, 0U, 0U, 0U, 0U, 0U, 0U, 0U, 0U,
      0U, 0U, 0U, 0U, 0U, 0U, 0U, 0U, 0U, 0U, 0U, 0U, 0U, 0U, 0U, 0U, 0U, 0U, 0U,
      0U, 0U, 0U, 0U, 0U, 0U, 0U, 0U, 0U, 0U, 0U, 0U, 0U, 0U, 0U, 0U, 0U, 0U, 0U,
      0U, 0U, 0U, 0U, 0U, 0U, 0U, 0U, 0U, 0U, 0U, 0U, 0U, 0U, 0U, 0U, 0U, 0U, 0U,
      0U, 0U, 0U, 0U, 0U, 0U, 0U, 0U, 0U, 0U, 0U, 0U, 0U, 0U, 0U, 0U, 0U, 0U, 0U,
      0U, 0U, 0U, 0U, 0U, 0U, 0U, 0U, 0U, 0U, 0U, 0U, 0U, 0U }
    ,                                  /* ReferenceFrame */

    {
      0U,                              /* CurrentLength */
      0U                               /* ReceivedLength */
    },                                 /* ReferenceFrame_SL_Info */

    {
      {
        0.0,                           /* X */
        0.0,                           /* Y */
        0.0                            /* Z */
      },                               /* Position */

      {
        0.0,                           /* X */
        0.0,                           /* Y */
        0.0,                           /* Z */
        0.0                            /* W */
      }                                /* Orientation */
    },                                 /* Pose */

    {
      {
        0.0,                           /* X */
        0.0,                           /* Y */
        0.0                            /* Z */
      },                               /* Linear */

      {
        0.0,                           /* X */
        0.0,                           /* Y */
        0.0                            /* Z */
      }                                /* Angular */
    }                                  /* Twist */
  },

  /* Expression: 1
   * Referenced by: '<S47>/Constant'
   */
  1.0,

  /* Expression: 1
   * Referenced by: '<S48>/Constant'
   */
  1.0,

  /* Expression: 1
   * Referenced by: '<S121>/Constant'
   */
  1.0,

  /* Expression: 1
   * Referenced by: '<S122>/Constant'
   */
  1.0,

  /* Expression: lastPcov
   * Referenced by: '<S70>/LastPcov'
   */
  { 0.0060422590854405907, -6.6187365169270412E-8, 2.0482734513469945E-6,
    2.0033636713894776E-8, 0.00031906319695594739, 7.8030635337476527E-6,
    0.00018206600748689461, -2.6613949162814233E-9, 7.2941507756396037E-12,
    1.090919806215047E-10, 2.1025273172370537E-6, 2.308061175149476E-7,
    -1.9903077904095212E-8, -0.00031613318233919779, -0.00019686060916623491,
    2.6404768986732095E-9, -1.6886298481131582E-9, -1.2500725004231085E-10,
    -2.8239894120585593E-6, -2.0222114691147277E-7, -6.6187365169270412E-8,
    0.0031034565059492518, -5.8192319764874675E-6, -0.00034638518096421095,
    -6.4772639486928681E-9, 4.5307427952837569E-6, -3.1371826579666143E-9,
    4.8152077819188785E-5, -1.6049322109174291E-11, -2.0844533414780012E-6,
    -3.5422838483845576E-11, 8.516359559685869E-8, 0.00034403917882752048,
    6.4350643438897277E-9, 3.0828069847895042E-9, -4.9569194648229039E-5,
    1.8519954869323676E-9, 2.2395801104754114E-6, 4.0396710675675069E-11,
    -8.1591946756760632E-8, 2.0482734513469945E-6, -5.8192319764874675E-6,
    0.00045750839047120271, 1.5588597012691914E-6, 2.7669128550156323E-7,
    -8.3278545505607649E-9, 1.3254042127154094E-7, -2.0674270170407476E-7,
    1.1705646606908278E-6, 2.2719668792502618E-8, 6.2599989314617442E-9,
    -1.9342413913772816E-10, -1.5308986266991911E-6, -2.6875881845590488E-7,
    -1.277502164331388E-7, 2.0277041849752454E-7, -2.0514496000848819E-6,
    -2.6806716148278522E-8, -7.6149385642881737E-9, 1.916052528122088E-10,
    2.0033636713894776E-8, -0.00034638518096421095, 1.5588597012691914E-6,
    6.4111624533033955E-5, 2.7190005989488408E-9, -6.50899730496107E-7,
    1.3054109646292746E-9, -8.6515490319693417E-6, 5.3197647937286674E-9,
    6.0223792804352476E-7, 4.3313595648581414E-11, -1.6507782465112112E-8,
    -6.3271571091005945E-5, -2.6503613539532409E-9, -1.2610073023600463E-9,
    8.6967629680129933E-6, -1.6840904909080543E-8, -8.0968594531287364E-7,
    -6.6474460945192539E-11, 1.5983286728884342E-8, 0.00031906319695594739,
    -6.4772639486928681E-9, 2.7669128550156323E-7, 2.7190005989488408E-9,
    3.3745971471534743E-5, 6.790194505210157E-7, 1.7103226189169393E-5,
    -3.604154427948751E-10, 1.773363376647877E-9, 4.3331738810262025E-11,
    5.1117720507381688E-7, 2.5912107959009477E-8, -2.6501347976413016E-9,
    -3.2942847233492961E-5, -1.6865618835689983E-5, 3.506621291108165E-10,
    -5.6157061469491117E-9, -6.6700527744224724E-11, -7.7755933230663254E-7,
    -2.4833278844024992E-8, 7.8030635337476527E-6, 4.5307427952837569E-6,
    -8.3278545505607649E-9, -6.50899730496107E-7, 6.790194505210157E-7,
    0.00061800170657294715, 2.8692717065921763E-7, 8.30009367653175E-8,
    3.7304983173802218E-15, -3.1579748531336376E-9, 3.0427520059598263E-9,
    1.925912616829E-6, 6.4788118965819248E-7, -6.7618137800915609E-7,
    -2.6471938021618486E-7, -7.725021772811688E-8, -1.3175647222704564E-13,
    2.8560559449946682E-9, -2.681351429916882E-9, -3.4218713249970132E-6,
    0.00018206600748689461, -3.1371826579666143E-9, 1.3254042127154094E-7,
    1.3054109646292746E-9, 1.7103226189169393E-5, 2.8692717065921763E-7,
    5.7308344936957836E-5, -1.7327618222555217E-10, 1.0600280675781413E-10,
    1.1114896308756836E-11, 1.7036796090015392E-6, -6.15269953851948E-8,
    -1.2798711400832662E-9, -1.6202898168579785E-5, -2.4305931037406715E-5,
    1.6948098245465047E-10, -1.8128454456027039E-9, -2.5002853108756605E-11,
    -8.1096529326956944E-7, 1.2338654920552205E-8, -2.6613949162814233E-9,
    4.8152077819188785E-5, -2.0674270170407476E-7, -8.6515490319693417E-6,
    -3.604154427948751E-10, 8.30009367653175E-8, -1.7327618222555217E-10,
    1.4115322382785958E-5, -2.40878226392758E-10, -9.3381078872832469E-7,
    -4.2336776710531437E-12, -1.9166514661551604E-8, 8.4171781464165054E-6,
    3.5192878548247254E-10, 1.6749816295666804E-10, -2.380283484690794E-6,
    1.9950700076060174E-9, 1.8478331854948691E-7, 8.27921203561483E-12,
    -1.0548080911406449E-10, 7.2941507756396037E-12, -1.6049322109174291E-11,
    1.1705646606908278E-6, 5.3197647937286674E-9, 1.773363376647877E-9,
    3.7304983173802218E-15, 1.0600280675781413E-10, -2.40878226392758E-10,
    1.1879264654168078E-5, 5.80357467512267E-8, 1.9345248507827763E-8,
    8.04471829636122E-17, -1.8548535848273032E-10, -6.1936493789764008E-11,
    -3.6572337556966874E-12, 8.3423266080416941E-12, -4.1559149785229065E-7,
    -2.0303633867156761E-9, -6.7678822154530121E-10, -8.56558769017429E-17,
    1.090919806215047E-10, -2.0844533414780012E-6, 2.2719668792502618E-8,
    6.0223792804352476E-7, 4.3331738810262025E-11, -3.1579748531336376E-9,
    1.1114896308756836E-11, -9.3381078872832469E-7, 5.80357467512267E-8,
    1.0705528060086921E-6, 1.1969603588721431E-10, 1.4058673628373416E-9,
    -3.8025185378391293E-7, -1.8622265758768793E-11, -7.420353200108434E-12,
    1.8049604916856262E-7, -8.82233655301611E-9, -1.650278429372617E-7,
    -1.8340847054304297E-11, -1.3870949539242126E-10, 2.1025273172370537E-6,
    -3.5422838483845576E-11, 6.2599989314617442E-9, 4.3313595648581414E-11,
    5.1117720507381688E-7, 3.0427520059598263E-9, 1.7036796090015392E-6,
    -4.2336776710531437E-12, 1.9345248507827763E-8, 1.1969603588721431E-10,
    1.3748185944809185E-6, -2.4565125508849019E-9, -1.8603013073919322E-11,
    -2.2730176430811678E-7, -3.3353994567114128E-7, 2.2355807025778624E-12,
    -2.9407868289471735E-9, -1.8341952047173691E-11, -2.1072608476301217E-7,
    2.5676533054632262E-10, 2.308061175149476E-7, 8.516359559685869E-8,
    -1.9342413913772816E-10, -1.6507782465112112E-8, 2.5912107959009477E-8,
    1.925912616829E-6, -6.15269953851948E-8, -1.9166514661551604E-8,
    8.04471829636122E-17, 1.4058673628373416E-9, -2.4565125508849019E-9,
    6.1287133671244344E-6, 1.6693246457800494E-8, -2.6045737123778161E-8,
    1.607713416319732E-9, 1.983044786011172E-9, -1.7576892652704964E-15,
    -1.1041724296382094E-10, 2.0519894320537214E-12, -1.2225075224689771E-6,
    -1.9903077904095212E-8, 0.00034403917882752048, -1.5308986266991911E-6,
    -6.3271571091005945E-5, -2.6501347976413016E-9, 6.4788118965819248E-7,
    -1.2798711400832662E-9, 8.4171781464165054E-6, -1.8548535848273032E-10,
    -3.8025185378391293E-7, -1.8603013073919322E-11, 1.6693246457800494E-8,
    0.10518758343900504, 2.6070892709186881E-9, 1.244874150911778E-9,
    -8.4680616691898362E-6, 8.3339272086695662E-9, 5.9111718680656068E-7,
    4.2147508780421192E-11, -1.6179876870080982E-8, -0.00031613318233919779,
    6.4350643438897277E-9, -2.6875881845590488E-7, -2.6503613539532409E-9,
    -3.2942847233492961E-5, -6.7618137800915609E-7, -1.6202898168579785E-5,
    3.5192878548247254E-10, -6.1936493789764008E-11, -1.8622265758768793E-11,
    -2.2730176430811678E-7, -2.6045737123778161E-8, 2.6070892709186881E-9,
    0.10515735572360796, 1.6223418998309393E-5, -3.4540613912685789E-10,
    2.7800465787946504E-9, 4.2373255380194779E-11, 4.9808414021755788E-7,
    2.5095204051340447E-8, -0.00019686060916623491, 3.0828069847895042E-9,
    -1.277502164331388E-7, -1.2610073023600463E-9, -1.6865618835689983E-5,
    -2.6471938021618486E-7, -2.4305931037406715E-5, 1.6749816295666804E-10,
    -3.6572337556966874E-12, -7.420353200108434E-12, -3.3353994567114128E-7,
    1.607713416319732E-9, 1.244874150911778E-9, 1.6223418998309393E-5,
    0.10515066638544436, -1.6502934953497738E-10, 8.6515014885452463E-10,
    1.5772371519498211E-11, 6.2579553040728488E-7, -9.921931253247367E-9,
    2.6404768986732095E-9, -4.9569194648229039E-5, 2.0277041849752454E-7,
    8.6967629680129933E-6, 3.506621291108165E-10, -7.725021772811688E-8,
    1.6948098245465047E-10, -2.380283484690794E-6, 8.3423266080416941E-12,
    1.8049604916856262E-7, 2.2355807025778624E-12, 1.983044786011172E-9,
    -8.4680616691898362E-6, -3.4540613912685789E-10, -1.6502934953497738E-10,
    0.10512787482882607, -9.6104379035624431E-10, -2.1954588172522931E-7,
    -5.1481726633209826E-12, -1.8727125947535365E-9, -1.6886298481131582E-9,
    1.8519954869323676E-9, -2.0514496000848819E-6, -1.6840904909080543E-8,
    -5.6157061469491117E-9, -1.3175647222704564E-13, -1.8128454456027039E-9,
    1.9950700076060174E-9, -4.1559149785229065E-7, -8.82233655301611E-9,
    -2.9407868289471735E-9, -1.7576892652704964E-15, 8.3339272086695662E-9,
    2.7800465787946504E-9, 8.6515014885452463E-10, -9.6104379035624431E-10,
    0.1051259100095254, 8.0532225895854363E-9, 2.6844074389557163E-9,
    2.3259016122916889E-15, -1.2500725004231085E-10, 2.2395801104754114E-6,
    -2.6806716148278522E-8, -8.0968594531287364E-7, -6.6700527744224724E-11,
    2.8560559449946682E-9, -2.5002853108756605E-11, 1.8478331854948691E-7,
    -2.0303633867156761E-9, -1.650278429372617E-7, -1.8341952047173691E-11,
    -1.1041724296382094E-10, 5.9111718680656068E-7, 4.2373255380194779E-11,
    1.5772371519498211E-11, -2.1954588172522931E-7, 8.0532225895854363E-9,
    0.10512513219261244, 2.3399327754974457E-11, 1.8960301045138446E-10,
    -2.8239894120585593E-6, 4.0396710675675069E-11, -7.6149385642881737E-9,
    -6.6474460945192539E-11, -7.7755933230663254E-7, -2.681351429916882E-9,
    -8.1096529326956944E-7, 8.27921203561483E-12, -6.7678822154530121E-10,
    -1.8340847054304297E-11, -2.1072608476301217E-7, 2.0519894320537214E-12,
    4.2147508780421192E-11, 4.9808414021755788E-7, 6.2579553040728488E-7,
    -5.1481726633209826E-12, 2.6844074389557163E-9, 2.3399327754974457E-11,
    0.10512519078809569, -2.4875264094276108E-10, -2.0222114691147277E-7,
    -8.1591946756760632E-8, 1.916052528122088E-10, 1.5983286728884342E-8,
    -2.4833278844024992E-8, -3.4218713249970132E-6, 1.2338654920552205E-8,
    -1.0548080911406449E-10, -8.56558769017429E-17, -1.3870949539242126E-10,
    2.5676533054632262E-10, -1.2225075224689771E-6, -1.6179876870080982E-8,
    2.5095204051340447E-8, -9.921931253247367E-9, -1.8727125947535365E-9,
    2.3259016122916889E-15, 1.8960301045138446E-10, -2.4875264094276108E-10,
    0.10512638942436744 },

  /* Expression: lastx+xoff
   * Referenced by: '<S70>/last_x'
   */
  { 0.0, 0.0, 0.0, 0.0, 0.0, 0.0, 0.0, 0.0, 0.0, 0.0, 0.0, 0.0, 0.0, 0.0, 0.0,
    0.0, 0.0, 0.0, 0.0, 0.0 },

  /* Expression: lastu+uoff
   * Referenced by: '<S70>/last_mv'
   */
  { 0.0, 0.0, 0.0, 0.0, 0.0, 0.0, 0.0, 0.0 },

  /* Computed Parameter: DiscreteTimeIntegrator1_gainval
   * Referenced by: '<S5>/Discrete-Time Integrator1'
   */
  0.0025,

  /* Expression: 0
   * Referenced by: '<S5>/Discrete-Time Integrator1'
   */
  0.0,

  /* Expression: 0
   * Referenced by: '<S65>/White Noise'
   */
  0.0,

  /* Computed Parameter: WhiteNoise_StdDev
   * Referenced by: '<S65>/White Noise'
   */
  1.0,

  /* Expression: 0.5
   * Referenced by: '<S29>/1//2'
   */
  0.5,

  /* Expression: 0.5
   * Referenced by: '<S62>/1//2'
   */
  0.5,

  /* Expression: [0,0,0,1]
   * Referenced by: '<S59>/Memory'
   */
  { 0.0, 0.0, 0.0, 1.0 },

  /* Expression: 0
   * Referenced by: '<S66>/White Noise'
   */
  0.0,

  /* Computed Parameter: WhiteNoise_StdDev_a
   * Referenced by: '<S66>/White Noise'
   */
  1.0,

  /* Expression: [0,0,0]
   * Referenced by: '<S4>/Memory5'
   */
  { 0.0, 0.0, 0.0 },

  /* Expression: 1
   * Referenced by: '<S5>/Gain'
   */
  1.0,

  /* Expression: 0.5
   * Referenced by: '<S107>/Constant'
   */
  0.5,

  /* Expression: 2
   * Referenced by: '<S107>/Gain2'
   */
  2.0,

  /* Expression: 2
   * Referenced by: '<S107>/Gain'
   */
  2.0,

  /* Expression: 2
   * Referenced by: '<S107>/Gain1'
   */
  2.0,

  /* Expression: 2
   * Referenced by: '<S108>/Gain'
   */
  2.0,

  /* Expression: 0.5
   * Referenced by: '<S108>/Constant'
   */
  0.5,

  /* Expression: 2
   * Referenced by: '<S108>/Gain2'
   */
  2.0,

  /* Expression: 2
   * Referenced by: '<S108>/Gain1'
   */
  2.0,

  /* Expression: 2
   * Referenced by: '<S109>/Gain'
   */
  2.0,

  /* Expression: 2
   * Referenced by: '<S109>/Gain1'
   */
  2.0,

  /* Expression: 0.5
   * Referenced by: '<S109>/Constant'
   */
  0.5,

  /* Expression: 2
   * Referenced by: '<S109>/Gain2'
   */
  2.0,

  /* Computed Parameter: DiscreteTimeIntegrator_gainval
   * Referenced by: '<S5>/Discrete-Time Integrator'
   */
  0.0025,

  /* Expression: 0
   * Referenced by: '<S5>/Discrete-Time Integrator'
   */
  0.0,

  /* Expression: 0.5
   * Referenced by: '<S136>/Constant'
   */
  0.5,

  /* Expression: 2
   * Referenced by: '<S136>/Gain2'
   */
  2.0,

  /* Expression: 2
   * Referenced by: '<S136>/Gain'
   */
  2.0,

  /* Expression: 2
   * Referenced by: '<S136>/Gain1'
   */
  2.0,

  /* Expression: 2
   * Referenced by: '<S137>/Gain'
   */
  2.0,

  /* Expression: 0.5
   * Referenced by: '<S137>/Constant'
   */
  0.5,

  /* Expression: 2
   * Referenced by: '<S137>/Gain2'
   */
  2.0,

  /* Expression: 2
   * Referenced by: '<S137>/Gain1'
   */
  2.0,

  /* Expression: 2
   * Referenced by: '<S138>/Gain'
   */
  2.0,

  /* Expression: 2
   * Referenced by: '<S138>/Gain1'
   */
  2.0,

  /* Expression: 0.5
   * Referenced by: '<S138>/Constant'
   */
  0.5,

  /* Expression: 2
   * Referenced by: '<S138>/Gain2'
   */
  2.0,

  /* Expression: 0
   * Referenced by: '<S6>/Memory'
   */
  0.0,

  /* Expression: 0.5
   * Referenced by: '<S130>/Constant'
   */
  0.5,

  /* Expression: 2
   * Referenced by: '<S130>/Gain2'
   */
  2.0,

  /* Expression: 2
   * Referenced by: '<S130>/Gain'
   */
  2.0,

  /* Expression: 2
   * Referenced by: '<S130>/Gain1'
   */
  2.0,

  /* Expression: 2
   * Referenced by: '<S131>/Gain'
   */
  2.0,

  /* Expression: 0.5
   * Referenced by: '<S131>/Constant'
   */
  0.5,

  /* Expression: 2
   * Referenced by: '<S131>/Gain2'
   */
  2.0,

  /* Expression: 2
   * Referenced by: '<S131>/Gain1'
   */
  2.0,

  /* Expression: 2
   * Referenced by: '<S132>/Gain'
   */
  2.0,

  /* Expression: 2
   * Referenced by: '<S132>/Gain1'
   */
  2.0,

  /* Expression: 0.5
   * Referenced by: '<S132>/Constant'
   */
  0.5,

  /* Expression: 2
   * Referenced by: '<S132>/Gain2'
   */
  2.0,

  /* Expression: zeros(1,1)
   * Referenced by: '<S67>/md_zero'
   */
  0.0,

  /* Expression: RMVscale
   * Referenced by: '<S70>/umin_scale'
   */
  { 1.0, 1.0, 1.0, 1.0, 1.0, 1.0, 1.0, 1.0 },

  /* Expression: RMVscale
   * Referenced by: '<S70>/umax_scale'
   */
  { 1.0, 1.0, 1.0, 1.0, 1.0, 1.0, 1.0, 1.0 },

  /* Expression: zeros(12,1)
   * Referenced by: '<S67>/ymin_zero'
   */
  { 0.0, 0.0, 0.0, 0.0, 0.0, 0.0, 0.0, 0.0, 0.0, 0.0, 0.0, 0.0 },

  /* Expression: RYscale
   * Referenced by: '<S70>/ymin_scale'
   */
  { 1.0, 1.0, 1.0, 1.0, 1.0, 1.0, 1.0, 1.0, 1.0, 1.0, 1.0, 1.0 },

  /* Expression: zeros(12,1)
   * Referenced by: '<S67>/ymax_zero'
   */
  { 0.0, 0.0, 0.0, 0.0, 0.0, 0.0, 0.0, 0.0, 0.0, 0.0, 0.0, 0.0 },

  /* Expression: RYscale
   * Referenced by: '<S70>/ymax_scale'
   */
  { 1.0, 1.0, 1.0, 1.0, 1.0, 1.0, 1.0, 1.0, 1.0, 1.0, 1.0, 1.0 },

  /* Expression: zeros(1,8)
   * Referenced by: '<S67>/E_zero'
   */
  { 0.0, 0.0, 0.0, 0.0, 0.0, 0.0, 0.0, 0.0 },

  /* Expression: MVscale(:,ones(1,max(nCC,1)))'
   * Referenced by: '<S70>/umin_scale4'
   */
  { 1.0, 1.0, 1.0, 1.0, 1.0, 1.0, 1.0, 1.0 },

  /* Expression: zeros(1,12)
   * Referenced by: '<S67>/F_zero'
   */
  { 0.0, 0.0, 0.0, 0.0, 0.0, 0.0, 0.0, 0.0, 0.0, 0.0, 0.0, 0.0 },

  /* Expression: Yscale(:,ones(1,max(nCC,1)))'
   * Referenced by: '<S70>/ymin_scale1'
   */
  { 1.0, 1.0, 1.0, 1.0, 1.0, 1.0, 1.0, 1.0, 1.0, 1.0, 1.0, 1.0 },

  /* Expression: zeros(1,1)
   * Referenced by: '<S67>/G_zero'
   */
  0.0,

  /* Expression: zeros(1,1)
   * Referenced by: '<S67>/S_zero'
   */
  0.0,

  /* Expression: MDscale(:,ones(1,max(nCC,1)))'
   * Referenced by: '<S70>/ymin_scale2'
   */
  1.0,

  /* Expression: zeros(1,1)
   * Referenced by: '<S67>/switch_zero'
   */
  0.0,

  /* Expression: zeros(8,1)
   * Referenced by: '<S67>/ext.mv_zero'
   */
  { 0.0, 0.0, 0.0, 0.0, 0.0, 0.0, 0.0, 0.0 },

  /* Expression: RMVscale
   * Referenced by: '<S70>/ext.mv_scale'
   */
  { 1.0, 1.0, 1.0, 1.0, 1.0, 1.0, 1.0, 1.0 },

  /* Expression: zeros(8,1)
   * Referenced by: '<S67>/mv.target_zero'
   */
  { 0.0, 0.0, 0.0, 0.0, 0.0, 0.0, 0.0, 0.0 },

  /* Expression: RMVscale
   * Referenced by: '<S70>/uref_scale'
   */
  { 1.0, 1.0, 1.0, 1.0, 1.0, 1.0, 1.0, 1.0 },

  /* Expression: zeros(12,1)
   * Referenced by: '<S67>/y.wt_zero'
   */
  { 0.0, 0.0, 0.0, 0.0, 0.0, 0.0, 0.0, 0.0, 0.0, 0.0, 0.0, 0.0 },

  /* Expression: zeros(8,1)
   * Referenced by: '<S67>/u.wt_zero'
   */
  { 0.0, 0.0, 0.0, 0.0, 0.0, 0.0, 0.0, 0.0 },

  /* Expression: zeros(8,1)
   * Referenced by: '<S67>/du.wt_zero'
   */
  { 0.0, 0.0, 0.0, 0.0, 0.0, 0.0, 0.0, 0.0 },

  /* Expression: zeros(1,1)
   * Referenced by: '<S67>/ecr.wt_zero'
   */
  0.0,

  /* Expression: zeros(3)
   * Referenced by: '<S21>/Constant2'
   */
  { 0.0, 0.0, 0.0, 0.0, 0.0, 0.0, 0.0, 0.0, 0.0 },

  /* Expression: 2
   * Referenced by: '<S32>/Gain'
   */
  2.0,

  /* Expression: 2
   * Referenced by: '<S33>/Gain'
   */
  2.0,

  /* Expression: 2
   * Referenced by: '<S34>/Gain'
   */
  2.0,

  /* Expression: 2
   * Referenced by: '<S36>/Gain'
   */
  2.0,

  /* Expression: 2
   * Referenced by: '<S37>/Gain'
   */
  2.0,

  /* Expression: 2
   * Referenced by: '<S38>/Gain'
   */
  2.0,

  /* Expression: MVscale
   * Referenced by: '<S70>/u_scale'
   */
  { 1.0, 1.0, 1.0, 1.0, 1.0, 1.0, 1.0, 1.0 },

  /* Expression: 1
   * Referenced by: '<S30>/Constant'
   */
  1.0,

  /* Expression: 0
   * Referenced by: '<S15>/Integrator'
   */
  0.0,

  /* Expression: 0
   * Referenced by: '<S18>/Roll Wave'
   */
  0.0,

  /* Expression: 0
   * Referenced by: '<S18>/Pitch Wave'
   */
  0.0,

  /* Expression: 0
   * Referenced by: '<S18>/Yaw Wave'
   */
  0.0,

  /* Expression: 0
   * Referenced by: '<S18>/X Wave'
   */
  0.0,

  /* Expression: 0
   * Referenced by: '<S18>/Y Wave'
   */
  0.0,

  /* Expression: 0
   * Referenced by: '<S18>/Z Wave'
   */
  0.0,

  /* Expression: 1
   * Referenced by: '<S2>/Gain2'
   */
  1.0,

  /* Expression: 1
   * Referenced by: '<S2>/Gain1'
   */
  1.0,

  /* Expression: -1
   * Referenced by: '<S2>/Gain'
   */
  -1.0,

  /* Expression: iA
   * Referenced by: '<S70>/Memory'
   */
  { 0, 0, 0, 0 }
};
